~/segmented-file-system-client-lab-7-mannax/test/lib ~/segmented-file-system-client-lab-7-mannax/src
~/segmented-file-system-client-lab-7-mannax/src
Sever name : localhost
Port Number: 6014
Sending packet....
116
108
53
108
10
71
32
-8
99
-43
117
32
75
-111
114
121
110
32
-83
114
119
11
104
60
121
4
44
6
32
36
-114
32
-6
104
60
104
-108
-9
87
113
32
-116
121
101
75
111
-74
32
-127
101
-53
109
-11
108
-50
119
-18
97
32
121
116
-118
115
-77
98
115
54
78
-90
111
-51
32
-36
110
-69
110
-39
100
100
115
-40
121
-91
111
-97
-70
10
58
-13
115
32
-95
114
-61
125
32
22
-3
10
116
121
114
-25
-15
101
73
-11
117
90
-21
108
-111
104
69
73
101
-25
89
32
-63
111
-3
110
92
95
110
93
101
87
32
58
73
58
70
110
32
-21
-91
116
-74
83
-87
105
110
51
-8
32
115
65
-100
10
-116
-75
32
56
119
109
77
106
110
91
104
-110
111
-10
32
